300431
300372
300367
300362
300325
300312
300216
300202
300186
300178
300156
300104
300090
300064
300038
300028
300023
002770
002711
002684
002680
002619
002618
002604
002509
002477
002473
002464
002450
002447
002359
002260
002220
002147
002143
002071
002070
002018
000979
000956
000939
000916
000866
000835
000832
000827
000817
000805
000787
000780
000769
000765
000763
000760
000748
000730
000699
000693
000689
000687
000675
000673
000662
000660
000658
000653
000621
000618
000613
000611
000602
000594
000588
000585
000583
000578
000569
000562
000556
000549
000542
000535
000527
000522
000515
000511
000508
000502
000418
000412
000406
000405
000047
000033
000024
000018
000015
000013
000003
